10026
10032
10044
10182
10200
10257
10297
10308
10318
10355
10382
10463
10517
10649
10656
10812
10860
10866
10901
11018
11043
11267
11285
11292
11293
11343
11441
11442
11499
11547
11565
11628
11664
11691
11750
11775
11809
11992
11995
12007
12008
12009
12036
12051
12078
12088
12173
12189
12209
12211
12226
12248
12310
12329
12355
12356
12363
12374
12391
12400
12402
12405
12451
12477
12487
12497
12502
12509
12540
12541
12557
12559
12575
12577
12615
12639
12640
12644
12645
12667
12689
12696
12783
12785
12786
12792
12795
12798
12871
12877
12905
12915
12916
12920
12922
12924
12927
13009
13015
13019
13041
13049
13085
13106
13111
13145
13159
13172
13185
13196
13198
13262
13265
13299
13302
13305
13316
13326
13327
13329
13399
13403
13429
13454
13502
13508
13521
13527
13528
13543
13564
13577
13579
13584
13599
13615
13625
13631
13658
13678
13692
13694
13704
13705
13706
13712
13713
13736
13743
13749
13756
13777
13796
13798
13799
13819
13825
13829
13830
13862
13866
13878
13883
13885
13895
13906
13918
13919
13921
13927
13931
13939
13954
13962
13966
13976
13977
14041
14044
14045
14055
14063
14076
14086
14087
14089
14095
14101
14107
14134
14137
14141
14145
14151
14161
14164
14167
14169
14174
14175
14176
14185
14213
14230
14235
14245
14247
14257
14260
14263
14267
14271
14273
14274
14300
14308
14313
14316
14317
14319
14336
14342
14359
14378
14380
14400
14417
14421
14422
14426
14431
14432
14433
14434
14436
14440
14441
14442
14451
14456
14457
14458
14459
14464
14466
14487
14490
14493
14495
14498
14499
14521
14526
14527
14530
14531
14532
14535
14540
14545
14547
14550
14554
14556
14579
14580
14589
14590
14594
14596
14599
14604
14609
14625
14642
14645
14650
14651
14653
14654
14658
14666
14667
14668
14669
14670
14671
14674
14675
14677
14682
14684
14687
14688
14695
14707
14711
14713
14715
14734
14752
14773
14774
14778
14781
14782
14785
14789
14793
14803
14813
14821
14823
14828
14829
14834
14852
14871
14879
14881
14884
14898
14918
14925
14928
14929
14930
14938
14941
14944
14945
14951
14953
14954
14969
14972
14985
14992
15003
15014
15016
15017
15022
15028
15046
15055
15056
15060
15061
15062
15064
15072
15083
15087
15091
15108
15110
15116
15125
15128
15132
15133
15139
15144
15145
15164
15168
15170
15176
15177
15178
15180
15181
15183
15198
15215
15224
15263
15271
15273
15277
15280
15284
15290
15293
15305
15315
15336
15351
15357
15359
15362
15371
15372
15374
15383
15386
15394
15396
15397
15399
15403
15407
15409
15415
15416
15417
15418
15420
15432
15434
15440
15441
15454
15457
15466
15482
15486
15487
15489
15491
15493
15496
15505
15530
15533
15534
15538
15541
15542
15590
15599
15623
15627
15630
15637
15639
15644
15646
15647
15650
15653
15654
15664
15702
15710
15734
15775
15779
15783
15784
15785
15787
15792
15796
15832
15833
15837
15838
15840
15849
15854
15856
15860
15920
15929
16417
17073
17444
17523
17961
18570
19271
19675
20117
20336
20395
20618
20670
20765
21135
21259
23042
23799
24248
24476
24969
25452
26084
26201
26463
26607
26614
26650
28629
29058
29285
30509
30648
31238
31691
32054
32062
33209
33849
34948
35107
35263
35917
35991
36346
36768
36898
37875
37955
38033
38746
38850
39220
39328
39693
41188
41292
42059
42439
43634
44230
44274
44943
46392
46834
47002
47379
47619
47706
47715
47723
47730
47861
48144
48291
49322
49429
49488
50243
51829
51960
53074
53604
53859
54199
54253
54594
55212
55213
56710
56822
57007
57154
58421
58836
59185
59467
59600
60038
60186
60468
61146
61487
62228
62359
62368
62376
62391
63125
63132
63159
63706
63715
63781
64020
64194
64929
64961
65008
65270
65429
65700
66245
66852
67360
67838
68830
69251
69586
71475
71942
72119
72338
72611
72980
72996
74740
75069
75233
75272
75509
75605
75853
75905
75976
75985
76135
76207
76266
76330
76504
76544
76573
76582
76591
76711
76722
76732
76752
76837
76839
76927
76934
76978
77082
77090
77114
77165
77175
77208
77256
77279
77354
77366
77369
77393
77415
77420
77425
77505
77515
77526
77528
77530
77643
77679
77780
77862
77868
77897
77902
77917
77918
77920
77971
78001
78018
78044
78054
78081
78137
78156
78201
78527
78693
78701
78756
78759
78763
78892
78903
78950
78955
78971
78985
78990
79007
79116
79150
79159
79166
79195
79198
79249
79299
79303
79307
79313
79322
79336
79382
79399
79507
79618
79628
79686
79734
79747
79791
79796
79841
79864
79878
79884
79885
79909
80054
80069
80112
80168
80179
80185
80193
80233
80274
80276
80294
80336
80341
80357
80375
80478
80539
80575
80587
80625
80640
80682
80812
80857
80912
80955
80960
80969
80990
81013
81084
81095
81134
81165
81184
81220
81222
81241
81254
81282
81292
81541
81560
81565
81620
81665
81728
81912
82107
82156
82251
82511
82518
82521
82541
82547
82573
82575
82599
82643
82649
82743
82831
82860
83120
83124
83145
83233
83239
83291
83366
83414
83422
83469
83486
83504
83509
83547
83601
83622
83683
83690
83734
83738
83774
83799
83831
83856
83950
83965
83969
84030
84103
84140
84176
84255
84275
84319
84325
84365
84387
84438
84516
84531
84563
84636
84668
84725
84734
84749
84780
84820
84825
85019
85077
85176
85187
85299
85314
85332
85418
85419
85427
85440
85449
85464
85482
85488
85540
85567
85576
85586
85705
85724
85726
85728
85738
85741
85744
85751
85829
85883
85886
85953
85972
85982
86042
86048
86091
86113
86115
86157
86178
86211
86233
86250
86260
86287
86290
86299
86302
86305
86382
86384
86435
86489
86573
86578
86593
86594
86709
86717
86763
86793
86810
86818
86819
86820
86822
86896
86929
87014
87016
87067
87086
87114
87160
87168
87172
87236
87251
87268
87356
87361
87379
87394
87430
87464
87488
87501
87510
87532
87533
87608
87696
87725
87759
87789
87837
87952
88152
88167
88173
88181
88183
88260
88264
88287
88319
88351
88384
88427
88462
88534
88546
88568
88597
88635
88648
88719
88740
88779
88820
88871
88895
88908
88940
88944
88963
88965
88970
88988
88994
89022
89031
89044
89109
89141
89167
89168
89202
89211
89215
89262
89289
89290
89307
89317
89323
89349
89406
89443
89449
89455
89456
89541
89609
89615
89653
89655
89741
89756
89793
89823
89824
89857
89891
89898
89915
89938
89942
89946
89960
89964
89973
90012
90037
90080
90082
90088
90092
90097
90125
90179
90187
90213
90214
90238
90253
90274
90279
90303
90313
90314
90353
90359
90366
90377
90399
90404
90423
90444
90458
90474
90490
90506
90517
90531
90534
90540
90542
90544
90548
90564
90568
90590
90603
90630
90637
90672
90679
90698
90700
90706
90711
90716
90718
90731
90734
90783
90791
90803
90853
90856
90868
90870
90875
90900
90914
90949
90950
90954
90957
90971
90983
91018
91075
91080
91083
91090
91171
91176
91263
91360
91365
91366
91397
91402
91403
91426
91432
91434
91486
91489
91497
91498
91500
91503
91510
91514
91571
91600
91604
91608
91609
91614
91618
91622
91625
91656
91666
91672
91674
91692
91733
91750
91754
91801
91813
91822
91826
91854
91895
91901
91902
91959
91979
92010
92043
92050
92052
92102
92131
92143
92174
92181
92220
92229
92230
92303
92309
92314
92320
92343
92354
92405
92432
92443
92454
92457
92467
92469
92471
92493
92506
92571
92583
92593
92640
92686
92753
92769
92773
92777
92780
92782
92797
92809
92810
92852
92878
92902
92913
92917
92935
92981
92987
93004
93065
93085
93123
93131
93175
93188
93189
93237
93246
93266
93300
93340
93356
93384
93393
93397
93399
93427
10001
10158
10232
10363
10397
10443
10501
10530
10606
10781
10890
10966
11006
11144
11174
11203
11246
11369
11397
11481
11641
11707
11731
11752
11825
12082
12089
12149
12166
12348
12380
12384
12413
12452
12480
12493
12498
12684
12758
12781
12797
12913
12957
13077
13080
13255
13267
13319
13321
13337
13400
13411
13524
13529
13547
13594
13600
13621
13656
13769
13797
13802
13816
13837
13867
13875
13877
13890
13924
13934
13935
13943
13959
13969
13993
14042
14106
14127
14149
14221
14298
14301
14312
14467
14479
14502
14505
14538
14544
14546
14574
14607
14617
14646
14661
14810
14812
14822
14836
14857
14858
14882
14915
14923
14932
14935
14936
14943
14950
14956
14982
14989
15011
15020
15065
15080
15088
15119
15127
15137
15169
15184
15203
15220
15221
15222
15226
15287
15292
15294
15297
15298
15302
15363
15378
15424
15425
15426
15430
15451
15485
15523
15527
15537
15539
15540
15658
15709
15788
15793
15847
16030
16126
19880
20512
20750
21785
27909
27975
31051
31077
31480
37217
37402
39731
40440
42796
42922
43334
43481
43837
45728
46042
47466
47677
50550
50788
53197
54675
54704
55511
55597
55678
57808
58501
58771
59627
60098
61496
62033
62958
63335
64785
65306
69199
71837
74406
74836
75517
75526
75622
75649
75906
76052
76123
76360
76613
76750
76868
76946
77012
77236
77501
77584
77595
77630
78451
78629
78876
78908
78915
78981
79033
79037
79072
79338
79491
79499
79571
79573
79666
79667
79866
80050
80128
80254
80498
80524
80791
80837
80951
80962
81564
81593
81621
81624
81740
82234
82279
82552
83148
83390
83520
83532
83815
83827
83844
83961
84010
84203
84210
84226
84314
84338
84511
84624
84776
84808
85079
85372
85424
85517
85570
85627
85710
85789
85796
85798
85903
85939
86092
86128
86242
86572
86720
86812
86827
86839
86876
86889
86899
86990
87084
87167
87198
87227
87264
87302
87321
87342
87476
87508
87614
87812
87832
88197
88266
88341
88742
88792
88857
88951
88984
89025
89036
89038
89048
89386
89394
89397
89425
89453
89573
89681
89695
89736
89792
89800
89941
89968
90053
90194
90221
90316
90371
90409
90421
90440
90487
90636
90715
90752
90886
90902
90961
90982
90989
91015
91024
91066
91086
91349
91355
91357
91413
91516
91584
91658
91659
91727
91741
91743
91814
91821
91977
92089
92111
92172
92195
92206
92210
92379
92380
92428
92486
92521
92528
92587
92589
92601
92716
92871
93035
93071
93079
93126
93128
93185
93272
93304
93345
93401
93428
93434
10025
10239
10252
10421
10550
10645
10779
10913
11154
11348
11379
11636
11654
11701
11884
12190
12332
12340
12437
12446
12494
12521
12573
12583
12629
12698
12835
12884
12892
12965
13037
13079
13203
13261
13280
13303
13352
13366
13369
13375
13405
13532
13537
13544
13563
13583
13632
13681
13747
13787
13789
13794
13812
13876
13903
13909
13917
13938
13947
13964
13965
14010
14043
14054
14057
14088
14097
14136
14160
14172
14177
14198
14228
14244
14296
14299
14310
14325
14326
14328
14337
14352
14418
14419
14472
14506
14516
14528
14555
14615
14633
14637
14643
14685
14690
14693
14716
14751
14755
14756
14759
14805
14830
14851
14872
14873
14874
14890
14908
14942
14960
14970
14991
14995
15008
15045
15067
15068
15071
15074
15089
15105
15129
15186
15192
15242
15276
15295
15318
15324
15332
15428
15429
15509
15514
15532
15550
15580
15585
15638
15642
15648
15651
15694
15774
15794
15802
15841
16555
16852
18438
18973
19721
21055
23182
25304
27167
27617
29867
30840
31668
32299
33532
34497
34673
35685
37568
41241
41452
41574
44768
45306
46077
46463
49744
50948
54244
56945
58675
62922
64450
65365
65752
68292
68718
71985
72304
73219
74500
75033
75278
75342
75578
75754
76128
76136
76224
76392
76478
76515
76686
76858
76948
76958
77120
77191
77271
77379
77413
77519
77637
77699
77785
77973
78015
78172
78179
78211
78213
78749
78900
79019
79108
79248
79611
79731
79776
79790
79851
80007
80014
80236
80362
80633
80719
80828
81116
81182
81208
81584
81893
82176
82212
82261
82542
82587
82621
82634
82702
82859
83112
83272
83304
83387
83399
83642
83671
83779
83903
83910
83916
84041
84084
84184
84185
84234
84385
84607
85020
85390
85394
85397
85757
85768
85839
85860
85889
85909
85966
86124
86165
86474
86544
86560
86582
86728
86778
86814
86866
86887
86916
87066
87069
87077
87121
87179
87214
87269
87437
87505
87589
87602
87658
87797
88148
88166
88195
88280
88367
88368
88372
88379
88417
88507
88839
89043
89110
89270
89279
89327
89369
89413
89416
89447
89546
89572
89574
89575
89576
89611
89643
89738
89821
89826
89828
89904
89922
89952
90029
90081
90086
90164
90223
90228
90358
90417
90591
90600
90703
90710
90742
90806
90865
90871
90956
90963
90984
91076
91095
91096
91161
91167
91262
91269
91274
91279
91299
91363
91468
91471
91688
91818
91855
91954
92093
92245
92318
92449
92588
92635
92684
92685
92692
92696
92729
92771
92873
92924
93106
93130
93149
93233
93330
93368
93372
93433
10201
10259
10294
10395
10514
10547
10661
10886
10892
11208
11361
11368
11370
11378
11581
11587
11593
11638
11748
11790
11803
11844
12068
12411
12495
12501
12588
12745
12747
12908
12960
12971
13006
13007
13014
13036
13084
13160
13201
13249
13260
13263
13278
13342
13410
13453
13520
13534
13561
13640
13642
13652
13740
13761
13766
13908
13930
13992
14026
14092
14094
14131
14150
14157
14166
14214
14233
14238
14258
14262
14276
14291
14304
14318
14344
14423
14425
14447
14450
14478
14504
14543
14552
14565
14602
14603
14647
14697
14761
14783
14786
14790
14792
14795
14797
14807
14816
14855
14870
14927
14981
14986
15006
15015
15057
15059
15070
15084
15140
15172
15175
15270
15272
15282
15283
15286
15313
15327
15339
15370
15410
15411
15427
15435
15452
15490
15497
15531
15535
15543
15582
15636
15652
15665
15724
15780
15782
15786
15789
15791
15795
15824
15831
15853
15857
15863
15899
15917
17137
18075
18649
20598
27430
28118
28564
29612
33770
33823
34367
34936
37154
38420
45655
46340
46923
47511
47571
48347
48961
49138
50286
50623
50789
51086
51423
51925
52250
52396
53110
53225
54114
55993
58334
59045
59256
59774
61269
64742
64805
75460
75556
75714
75831
76261
76279
76529
76586
76672
76684
76708
76721
76788
76798
76838
76856
76961
77186
77282
77447
77488
77569
77610
77629
77735
77790
77889
77900
78077
78189
78418
79013
79026
79131
79315
79824
79839
79862
80034
80113
80223
80237
80343
80517
80635
80655
80759
80987
81190
81278
81294
81527
81566
81577
81610
81614
81666
81869
82163
82171
82287
82670
82848
82855
83155
83382
83411
83503
83630
83720
84026
84062
84215
84389
84397
84601
84648
84650
84737
85013
85040
85059
85177
85293
85522
85656
85725
85731
85875
85951
86026
86051
86062
86312
86362
86802
86965
87000
87061
87162
87318
87415
87426
87525
87656
88174
88203
88240
88257
88331
88340
88439
88475
88485
88495
88564
88615
88729
88750
88841
88865
88897
88912
89063
89068
89203
89207
89252
89297
89387
89395
89424
89445
89482
89506
89547
89570
89753
89905
89908
89913
89916
89948
89977
90011
90118
90126
90219
90233
90329
90464
90470
90605
90763
90825
90850
90926
90948
91020
91037
91114
91186
91271
91389
91408
91446
91463
91560
91605
91655
91665
91678
91845
91907
91908
91910
91967
92029
92038
92041
92184
92207
92226
92345
92478
92502
92523
92596
92597
92726
92775
92807
92808
92854
92872
92919
92984
93073
93078
93305
93426
